10.9392
9.94943 5.86586 3.46858 2.0545 1.21828 0.723006 0.429342 0.255079 0.151607 0.090137 0.0536052 0.0318869 0.0189717 0.0112895 0.00671906 0.00399946 0.00238092 0.00141754 0.00084404 0.000502606 0.000299312 0.000178258 0.000106169 6.3237e-05 3.76672e-05 2.24375e-05 1.3366e-05 7.96237e-06 4.74347e-06 2.82594e-06 1.6836e-06 1.00305e-06 5.97609e-07 3.56056e-07 2.12142e-07 1.26398e-07 7.53112e-08 4.48728e-08 2.67369e-08 1.5931e-08 9.49247e-09 5.65611e-09 3.37023e-09 2.00818e-09 1.1966e-09 7.13013e-10 4.24862e-10 2.53162e-10 1.50852e-10 8.9889e-11 5.35626e-11 3.19168e-11 1.90184e-11 1.13325e-11 6.75281e-12 4.024e-12 2.39778e-12 1.4287e-12 8.51154e-13 5.07145e-13 3.02079e-13 1.79936e-13 1.0734e-13 6.39031e-14 
1 2 3 4 5 6 7 8 9 10 11 12 13 14 15 16 17 18 19 20 21 22 23 24 25 26 27 28 29 30 31 32 33 34 35 36 37 38 39 40 41 42 43 44 45 46 47 48 49 50 51 52 53 54 55 56 57 58 59 60 61 62 63 64 
11.4392
9.08195 4.8906 2.64172 1.42946 0.774394 0.419868 0.227792 0.123646 0.0671424 0.0364719 0.0198172 0.0107703 0.00585465 0.00318311 0.00173089 0.000941334 0.000512 0.00027851 0.000151514 8.24322e-05 4.48512e-05 2.4405e-05 1.32803e-05 7.22698e-06 3.93302e-06 2.14049e-06 1.16497e-06 6.34061e-07 3.45111e-07 1.87844e-07 1.02246e-07 5.56546e-08 3.02946e-08 1.64906e-08 8.97661e-09 4.88646e-09 2.65999e-09 1.44801e-09 7.88254e-10 4.29106e-10 2.33596e-10 1.27165e-10 6.92269e-11 3.76863e-11 2.05161e-11 1.1169e-11 6.08039e-12 3.30992e-12 1.80177e-12 9.80712e-13 5.33852e-13 2.9059e-13 1.58265e-13 8.61748e-14 
1 2 3 4 5 6 7 8 9 10 11 12 13 14 15 16 17 18 19 20 21 22 23 24 25 26 27 28 29 30 31 32 33 34 35 36 37 38 39 40 41 42 43 44 45 46 47 48 49 50 51 52 53 54 
11.9392
8.26892 4.05697 1.9969 0.984688 0.48614 0.240213 0.118772 0.0587563 0.0290786 0.0143959 0.00712901 0.00353121 0.00174947 0.000866897 0.00042963 0.000212951 0.000105564 5.23353e-05 2.59486e-05 1.28667e-05 6.38044e-06 3.16417e-06 1.56925e-06 7.783e-07 3.86028e-07 1.91473e-07 9.4975e-08 4.71112e-08 2.33695e-08 1.15927e-08 5.75082e-09 2.85287e-09 1.41527e-09 7.02109e-10 3.48316e-10 1.72802e-10 8.5729e-11 4.25314e-11 2.11004e-11 1.04683e-11 5.19349e-12 2.57651e-12 1.2782e-12 6.34262e-13 3.14831e-13 1.56124e-13 7.74955e-14 
1 2 3 4 5 6 7 8 9 10 11 12 13 14 15 16 17 18 19 20 21 22 23 24 25 26 27 28 29 30 31 32 33 34 35 36 37 38 39 40 41 42 43 44 45 46 47 
12.4392
7.50543 3.34497 1.4958 0.67015 0.300615 0.134968 0.0606379 0.0272574 0.0122577 0.00551419 0.00248131 0.00111683 0.000502783 0.000226388 0.000101951 4.59187e-05 2.06841e-05 9.31808e-06 4.19812e-06 1.89155e-06 8.52331e-07 3.84083e-07 1.73087e-07 7.80053e-08 3.51562e-08 1.58451e-08 7.14171e-09 3.21901e-09 1.45096e-09 6.54032e-10 2.94818e-10 1.32898e-10 5.99098e-11 2.70076e-11 1.21755e-11 5.48906e-12 2.47469e-12 1.11565e-12 5.03007e-13 2.26951e-13 1.02404e-13 4.64311e-14 
1 2 3 4 5 6 7 8 9 10 11 12 13 14 15 16 17 18 19 20 21 22 23 24 25 26 27 28 29 30 31 32 33 34 35 36 37 38 39 40 41 42 
12.9392
6.78717 2.73776 1.10824 0.449498 0.182548 0.0742038 0.0301838 0.0122845 0.00500182 0.00203731 0.000830076 0.000338293 0.000137901 5.62261e-05 2.29297e-05 9.35308e-06 3.81608e-06 1.55744e-06 6.35891e-07 2.59776e-07 1.06213e-07 4.34807e-08 1.78336e-08 7.33566e-09 3.03075e-09 1.26047e-09 5.29335e-10 2.25376e-10 9.77519e-11 4.33935e-11 1.97835e-11 9.27278e-12 4.46031e-12 2.19344e-12 1.09734e-12 5.56104e-13 2.84494e-13 1.46313e-13 7.5686e-14 
1 2 3 4 5 6 7 8 9 10 11 12 13 14 15 16 17 18 19 20 21 22 23 24 25 26 27 28 29 30 31 32 33 34 35 36 37 38 39 
13.4392
6.11035 2.22112 0.810382 0.296278 0.108466 0.0397471 0.0145762 0.00534878 0.00196389 0.000721516 0.000265285 9.76516e-05 3.60151e-05 1.33285e-05 4.96379e-06 1.8699e-06 7.18716e-07 2.8545e-07 1.1884e-07 5.2367e-08 2.43947e-08 1.18812e-08 5.96506e-09 3.05155e-09 1.57859e-09 8.22107e-10 4.29978e-10 2.25555e-10 1.18589e-10 6.24669e-11 3.29585e-11 1.74152e-11 9.21479e-12 4.8821e-12 2.58958e-12 1.37506e-12 7.31105e-13 3.89058e-13 2.07138e-13 1.10282e-13 5.9051e-14 
1 2 3 4 5 6 7 8 9 10 11 12 13 14 15 16 17 18 19 20 21 22 23 24 25 26 27 28 29 30 31 32 33 34 35 36 37 38 39 40 41 
13.9392
5.47159 1.78296 0.583281 0.191233 0.0627901 0.0206416 0.00679412 0.00224015 0.000740975 0.000246747 8.34001e-05 2.91027e-05 1.07898e-05 4.38326e-06 1.96652e-06 9.52058e-07 4.81936e-07 2.49554e-07 1.307e-07 6.88793e-08 3.64439e-08 1.93395e-08 1.02881e-08 5.48509e-09 2.93029e-09 1.56841e-09 8.40981e-10 4.51699e-10 2.43003e-10 1.3093e-10 7.06483e-11 3.81737e-11 2.06538e-11 1.11887e-11 6.06832e-12 3.29493e-12 1.79102e-12 9.7446e-13 5.30632e-13 2.89433e-13 1.57842e-13 8.62169e-14 
1 2 3 4 5 6 7 8 9 10 11 12 13 14 15 16 17 18 19 20 21 22 23 24 25 26 27 28 29 30 31 32 33 34 35 36 37 38 39 40 41 42 
14.4392
4.86794 1.41299 0.411887 0.120364 0.0352478 0.0103522 0.00305928 0.000918791 0.000287908 9.92472e-05 3.97334e-05 1.83162e-05 9.16892e-06 4.76063e-06 2.51069e-06 1.33449e-06 7.12834e-07 3.82218e-07 2.05605e-07 1.10917e-07 5.99918e-08 3.25255e-08 1.76734e-08 9.62309e-09 5.24993e-09 2.86938e-09 1.571e-09 8.61546e-10 4.73217e-10 2.6031e-10 1.43396e-10 7.90996e-11 4.36889e-11 2.41602e-11 1.33765e-11 7.41428e-12 4.11393e-12 2.28503e-12 1.2704e-12 7.06909e-13 3.93902e-13 2.19435e-13 1.22455e-13 6.82856e-14 
1 2 3 4 5 6 7 8 9 10 11 12 13 14 15 16 17 18 19 20 21 22 23 24 25 26 27 28 29 30 31 32 33 34 35 36 37 38 39 40 41 42 43 44 
14.9392
4.29681 1.10243 0.284208 0.0735298 0.0191313 0.0050569 0.00140634 0.000448305 0.000178213 8.44794e-05 4.33105e-05 2.28413e-05 1.21919e-05 6.55423e-06 3.54243e-06 1.92324e-06 1.04825e-06 5.73335e-07 3.14559e-07 1.73069e-07 9.54667e-08 5.27849e-08 2.92493e-08 1.62406e-08 9.03477e-09 5.0351e-09 2.81082e-09 1.57165e-09 8.80111e-10 4.93572e-10 2.77182e-10 1.55866e-10 8.77584e-11 4.94707e-11 2.79197e-11 1.57743e-11 8.92179e-12 5.05106e-12 2.86232e-12 1.62368e-12 9.21642e-13 5.23709e-13 2.97789e-13 1.69553e-13 9.64669e-14 
1 2 3 4 5 6 7 8 9 10 11 12 13 14 15 16 17 18 19 20 21 22 23 24 25 26 27 28 29 30 31 32 33 34 35 36 37 38 39 40 41 42 43 44 45 
